possíveis relacoes:

SKY/DIRECTTV SD -- HDTV HDTV+

SKY LIVRE -- SKY FOXSAT -- SKY BOX F5

SKY DRX --

SKYDRX890I -- 

SKY DBSP990V -- TATA SKY -- SKY HD INTER


SKY BLACK



Raw: (75) 8980, -4572, 516, -612, 508, -1752, 488, -1760, 512, -628, 492, -632, 488, -632, 492, -628, 464, -1760, 536, -1732, 508, -1756, 516, -1732, 508, -1760, 508, -628, 496, -1748, 520, -604, 516, -608, 512, -1752, 472, -1756, 532, -1752, 488, -1740, 532, -1732, 508, -632, 516, -608, 512, -608, 516, -604, 516, -608, 512, -612, 508, -632, 492, -628, 492, -1752, 516, -1752, 492, -1752, 516, -42660, 8964, -2308, 536, -30764, 8984, -2320, 496, 


Raw: (75) 8984, -4572, 512, -612, 512, -1736, 504, -1756, 512, -628, 496, -632, 488, -632, 488, -632, 464, -1760, 532, -1736, 504, -1760, 512, -1732, 508, -1760, 512, -628, 492, -1752, 516, -608, 512, -608, 516, -608, 512, -1732, 508, -1752, 520, -1732, 508, -1760, 508, -632, 492, -632, 488, -632, 488, -1732, 536, -612, 512, -612, 508, -632, 488, -628, 496, -1732, 536, -1732, 508, -1736, 532, -42644, 8980, -2308, 536, -30784, 8964, -2324, 492, 



Raw: (75) 8980, -4552, 536, -608, 512, -1732, 508, -1760, 512, -628, 492, -632, 488, -632, 492, -632, 460, -1764, 532, -1752, 488, -1756, 516, -1752, 488, -1760, 508, -632, 492, -1748, 520, -604, 516, -608, 512, -612, 512, -612, 508, -1732, 508, -632, 516, -608, 516, -604, 516, -608, 512, -608, 516, -1732, 508, -1736, 532, -632, 492, -1732, 532, -1748, 496, -1732, 536, -1752, 492, -1732, 536, -42644, 8980, -2308, 536, -30768, 8980, -2324, 496, 




Raw: (75) 8156, -5352, 572, -556, 560, -1696, 548, -1704, 572, -556, 564, -604, 512, -612, 512, -608, 460, -1752, 572, -1696, 492, -1752, 572, -1684, 552, -1700, 572, -552, 568, -1688, 572, -592, 540, -580, 540, -1692, 496, -620, 504, -656, 480, -1732, 576, -564, 556, -604, 516, -608, 516, -600, 460, -664, 460, -1752, 572, -1724, 512, -572, 580, -1672, 572, -1716, 552, -1696, 548, -1704, 564, -42604, 7876, -3416, 568, -30744, 7936, -3312, 576, 




SKY BRANCO

Raw: (79) 5916, -1256, 1156, -1236, 556, -644, 552, -1236, 560, -656, 536, -660, 536, -1236, 1156, -656, 540, -652, 540, -29972, 2956, -1228, 1160, -1232, 560, -640, 556, -1232, 560, -652, 544, -656, 540, -1232, 1160, -656, 536, -656, 540, -29972, 2952, -1232, 1156, -1236, 556, -660, 536, -1256, 540, -656, 536, -660, 544, -1228, 1156, -656, 540, -652, 540, -29972, 2956, -1228, 1160, -1232, 560, -656, 540, -1232, 560, -656, 540, -648, 548, -1232, 1160, -656, 536, -656, 540, 


Raw: (79) 5920, -1256, 1156, -1236, 560, -656, 536, -1236, 560, -652, 540, -660, 1136, -1252, 1140, -656, 1136, -656, 536, -29972, 2956, -1232, 1156, -1236, 556, -652, 544, -1236, 560, -656, 536, -660, 1136, -1232, 1160, -656, 1136, -656, 536, -29976, 2952, -1232, 1156, -1236, 556, -640, 556, -1236, 560, -656, 536, -660, 1136, -1232, 1160, -656, 1136, -652, 540, -29972, 2956, -1232, 1156, -1232, 560, -660, 536, -1252, 540, -656, 540, -644, 1152, -1236, 1152, -660, 1136, -652, 540, 


Raw: (79) 5916, -1256, 1156, -1236, 556, -656, 540, -1232, 560, -660, 536, -656, 1140, -656, 1136, -656, 540, -1228, 560, -29972, 2956, -1232, 1156, -1232, 560, -636, 560, -1236, 556, -656, 540, -656, 1136, -648, 1148, -656, 536, -1232, 560, -29976, 2952, -1228, 1160, -1232, 560, -636, 560, -1232, 560, -656, 540, -640, 1152, -660, 1132, -660, 536, -1232, 560, -29972, 2952, -1232, 1156, -1236, 560, -656, 536, -1236, 560, -656, 536, -640, 1156, -636, 1156, -656, 540, -1232, 560, 

Raw: (79) 5920, -1252, 1160, -1232, 560, -656, 540, -1232, 560, -636, 560, -1232, 560, -656, 1140, -656, 1136, -652, 540, -29972, 2956, -1228, 1160, -1232, 560, -656, 540, -1244, 548, -636, 560, -1232, 560, -656, 1136, -656, 1140, -652, 540, -29972, 2952, -1232, 1160, -1232, 560, -656, 536, -1252, 544, -656, 540, -1236, 556, -656, 1136, -656, 1140, -652, 540, -29972, 2952, -1232, 1156, -1232, 560, -660, 536, -1236, 560, -656, 536, -1236, 560, -656, 1136, -656, 1136, -656, 540, 



SKY PRETO PEQUENO



Raw: (79) 5928, -1248, 1212, -1180, 624, -572, 620, -1176, 620, -576, 620, -576, 620, -1172, 1220, -576, 620, -572, 620, -29928, 2988, -1196, 1212, -1180, 620, -576, 620, -1176, 620, -576, 620, -576, 620, -1172, 1212, -580, 624, -572, 620, -29924, 2992, -1196, 1208, -1184, 620, -576, 620, -1172, 624, -572, 624, -572, 624, -1172, 1208, -584, 620, -576, 620, -29924, 2992, -1196, 1204, -1188, 620, -576, 620, -1172, 624, -572, 620, -576, 620, -1176, 1208, -584, 616, -580, 616, 


Raw: (79) 5912, -1264, 1220, -1172, 624, -572, 624, -1172, 620, -576, 620, -576, 1220, -1172, 1220, -572, 1220, -572, 620, -29924, 3000, -1188, 1220, -1172, 620, -576, 624, -1168, 624, -576, 620, -576, 1216, -1172, 1220, -576, 1220, -572, 620, -29924, 2992, -1196, 1220, -1172, 624, -572, 620, -1172, 624, -576, 620, -572, 1220, -1172, 1220, -576, 1216, -576, 620, -29924, 2992, -1196, 1220, -1172, 620, -576, 620, -1172, 624, -576, 620, -572, 1220, -1172, 1220, -576, 1220, -572, 620, 

Raw: (79) 5920, -1256, 1220, -1172, 624, -576, 620, -1172, 620, -576, 624, -572, 1220, -576, 1216, -576, 620, -1172, 620, -29924, 2992, -1196, 1220, -1172, 620, -576, 620, -1172, 624, -572, 624, -572, 1220, -576, 1212, -580, 620, -1172, 624, -29924, 2988, -1196, 1220, -1172, 624, -572, 624, -1172, 620, -576, 620, -576, 1212, -580, 1204, -592, 620, -1172, 620, -29924, 2988, -1200, 1216, -1176, 620, -576, 620, -1172, 620, -576, 620, -576, 1212, -584, 1204, -588, 620, -1172, 620, 



Raw: (79) 5912, -1264, 1180, -1212, 592, -604, 592, -1200, 596, -604, 592, -1200, 592, -604, 1184, -612, 1164, -624, 588, -29960, 2960, -1224, 1184, -1208, 596, -600, 596, -1200, 592, -604, 592, -1204, 592, -600, 1180, -616, 1164, -628, 580, -29964, 2956, -1232, 1172, -1220, 592, -604, 592, -1200, 596, -600, 596, -1200, 592, -604, 1164, -628, 1160, -632, 572, -29976, 2936, -1248, 1168, -1224, 596, -604, 588, -1204, 592, -604, 592, -1200, 596, -600, 1168, -628, 1140, -652, 564, 



SKY/DIRECTTV SD

Raw: (39) 6012, -1204, 1244, -1188, 632, -580, 632, -1188, 632, -580, 628, -1192, 632, -580, 1232, -588, 1228, -588, 632, -30028, 3020, -1196, 1240, -1184, 636, -580, 628, -1188, 632, -580, 636, -1184, 636, -576, 1236, -612, 1208, -584, 624, 


HDTV HDTV+

Raw: (39) 6008, -1276, 1148, -1276, 544, -672, 540, -1276, 544, -672, 540, -1276, 544, -672, 1144, -676, 1144, -676, 536, -30424, 2976, -1276, 1148, -1276, 544, -676, 536, -1280, 540, -668, 544, -1276, 544, -672, 1148, -676, 1140, -680, 532, 


SKYDRX890I

Raw: (71) 232, -1012, 228, -1140, 232, -744, 232, -2772, 232, -1296, 232, -1300, 228, -1140, 232, -876, 232, -13820, 228, -1008, 232, -1692, 232, -744, 232, -744, 232, -1296, 232, -1140, 232, -744, 232, -744, 232, -15052, 232, -1008, 232, -1136, 232, -744, 232, -2776, 228, -1300, 232, -1296, 232, -1140, 232, -876, 228, -13820, 232, -1008, 232, -2772, 232, -1824, 232, -744, 232, -1296, 232, -1140, 232, -744, 232, -740, 236, 

SKY HD INTER

Raw: (45) 2624, -940, 408, -492, 400, -492, 396, -924, 412, -924, 
          856, -492, 400, -492, 396, -496, 396, -492, 396, -496, 
          816, -952, 
          828, -516, 376, -512, 376, -948, 412, -488, 388, -504, 
          820, -516, 376, -516, 376, -948, 400, -496, 380, -516, 376, -512, 376, 



SKY BOX F5
Raw: (71) 8960, -4588, 548, -588, 508, -600, 520, -612, 520, -612, 496, -612, 524, -612, 520, -612, 520, -1720, 524, -1716, 532, -1708, 536, -1704, 512, -1732, 508, -1732, 508, -1732, 516, -616, 496, -612, 524, -1716, 528, -608, 520, -1720, 520, -1720, 532, -600, 496, -612, 524, -1716, 524, -612, 520, -612, 496, -1744, 496, -612, 520, -612, 524, -1720, 520, -1720, 520, -612, 496, -1744, 496, -41444, 8980, -2276, 524, 


TATA SKY

Raw: (49) 2600, -968, 396, -508, 372, -524, 364, -948, 400, -936, 816, -568, 328, -560, 336, -556, 340, -552, 336, -552, 340, -552, 336, -528, 364, -524, 364, -544, 344, -556, 336, -552, 340, -536, 352, -552, 772, -568, 328, -560, 336, -956, 396, -512, 368, -548, 340, -548, 340, 


SKY DBSP990V

Raw: (49) 2600, -968, 396, -508, 372, -524, 364, -948, 400, -936, 816, -568, 328, -560, 336, -556, 340, -552, 336, -552, 340, -552, 336, -528, 364, -524, 364, -544, 344, -556, 336, -552, 340, -536, 352, -552, 772, -568, 328, -560, 336, -956, 396, -512, 368, -548, 340, -548, 340, 


SKY DRX


Raw: (71) 176, -1076, 164, -1200, 172, -804, 168, -2840, 168, -1360, 168, -1352, 176, -1200, 172, -936, 172, -13872, 180, -1056, 184, -1748, 172, -812, 168, -792, 184, -1356, 168, -1200, 172, -792, 188, -800, 168, -15112, 176, -1060, 184, -1196, 168, -804, 176, -2832, 168, -1360, 168, -1360, 172, -1192, 176, -932, 176, -13868, 188, -1060, 172, -2836, 172, -1884, 172, -804, 168, -1356, 176, -1196, 172, -808, 168, -800, 176, 



SKY FOXSAT

Raw: (71) 8972, -4572, 504, -624, 496, -640, 496, -636, 468, -640, 496, -636, 496, -640, 468, -652, 488, -632, 496, -636, 500, -636, 472, -632, 496, -640, 496, -1724, 516, -636, 468, -640, 496, -640, 492, -640, 496, -1720, 504, -1736, 504, -1736, 504, -1744, 496, -640, 488, -636, 492, -640, 496, -1712, 528, -636, 476, -632, 496, -640, 492, -640, 472, -1748, 500, -1740, 500, -1748, 496, -48136, 8948, -2304, 516, 




SKY LIVRE

Raw: (71) 9008, -4584, 528, -632, 508, -1760, 524, -1756, 512, -644, 508, -656, 492, -644, 508, -648, 508, -1752, 524, -1760, 512, -1756, 524, -1748, 528, -1752, 520, -652, 492, -1756, 524, -656, 492, -644, 504, -1760, 524, -636, 508, -644, 504, -1764, 516, -656, 496, -656, 492, -656, 492, -648, 504, -644, 504, -1768, 516, -1752, 524, -652, 492, -1764, 512, -1764, 516, -1756, 520, -1760, 512, -39992, 9012, -2336, 520, 











