POWER


Raw: (49) 2632, -924, 412, -480, 412, -480, 408, -908, 464, -884, 856, -480, 408, -484, 432, -456, 408, -492, 408, -472, 416, -472, 412, -476, 416, -476, 408, -504, 396, -468, 420, -472, 424, -464, 408, -480, 408, -484, 408, -480, 412, -476, 856, -480, 408, -908, 448, -460, 416, 




TV


Raw: (49) 2660, -904, 436, -476, 408, -484, 408, -924, 416, -900, 876, -484, 408, -480, 408, -484, 408, -480, 408, -484, 408, -484, 404, -484, 408, -484, 408, -480, 408, -484, 408, -484, 404, -484, 852, -904, 440, -472, 412, -480, 408, -484, 408, -480, 408, -484, 408, -480, 408, 



GUIA


Raw: (47) 2608, -964, 404, -496, 388, -504, 372, -932, 428, -908, 828, -536, 372, -544, 348, -540, 344, -544, 340, -524, 372, -520, 372, -516, 376, -512, 380, -512, 376, -512, 376, -512, 380, -512, 800, -560, 340, -940, 420, -496, 800, -560, 348, -936, 416, -496, 384, 




SHOWCASE

Raw: (47) 2644, -920, 436, -460, 408, -484, 404, -912, 440, -888, 872, -508, 384, -504, 384, -480, 408, -484, 408, -484, 404, -508, 380, -508, 384, -480, 408, -484, 408, -504, 384, -488, 400, -508, 384, -484, 848, -484, 404, -508, 384, -484, 404, -508, 380, -908, 872, 



SAIR

Raw: (47) 2652, -904, 452, -460, 408, -480, 408, -908, 444, -904, 856, -504, 388, -480, 408, -480, 408, -508, 384, -480, 408, -508, 380, -508, 384, -480, 408, -484, 404, -484, 408, -504, 384, -492, 844, -904, 448, -464, 408, -480, 408, -504, 384, -512, 824, -504, 384, 




VOLUP

Raw: (49) 2652, -908, 444, -464, 408, -480, 408, -908, 456, -880, 872, -480, 408, -488, 400, -484, 408, -484, 404, -484, 404, -484, 408, -480, 408, -508, 380, -508, 384, -488, 400, -480, 408, -484, 408, -480, 408, -484, 404, -484, 852, -904, 448, -464, 408, -488, 400, -480, 412, 



VOLDOWN


Raw: (47) 2652, -908, 452, -456, 408, -496, 392, -908, 444, -888, 872, -508, 384, -480, 408, -484, 408, -480, 408, -480, 408, -480, 412, -480, 408, -480, 408, -484, 408, -492, 396, -480, 408, -480, 412, -484, 404, -504, 384, -484, 852, -904, 452, -460, 408, -480, 852, 




CHUP

Raw: (49) 2656, -904, 456, -452, 412, -480, 408, -904, 456, -880, 876, -476, 412, -480, 408, -480, 412, -476, 412, -480, 412, -476, 412, -476, 412, -480, 408, -480, 412, -476, 412, -480, 408, -480, 412, -476, 412, -480, 856, -900, 460, -452, 412, -476, 412, -476, 412, -480, 412, 




CHDOWN

Raw: (45) 2608, -952, 412, -504, 384, -504, 376, -928, 416, -920, 828, -560, 348, -516, 376, -512, 368, -548, 348, -516, 368, -520, 372, -520, 372, -516, 364, -528, 372, -520, 372, -512, 368, -524, 368, -520, 800, -956, 824, -532, 360, -948, 420, -496, 800, 



UP

Raw: (47) 2672, -888, 472, -432, 428, -476, 416, -888, 472, -864, 888, -472, 420, -472, 416, -472, 416, -472, 416, -476, 416, -472, 416, -472, 416, -476, 416, -472, 416, -472, 416, -476, 416, -472, 416, -472, 864, -888, 892, -468, 420, -888, 476, -416, 444, -472, 416, 



DOWN


Raw: (45) 2672, -888, 468, -448, 416, -472, 416, -892, 472, -864, 888, -472, 416, -472, 416, -476, 416, -472, 416, -472, 416, -476, 416, -472, 416, -476, 412, -476, 416, -472, 416, -472, 420, -472, 416, -472, 864, -888, 888, -472, 420, -888, 472, -420, 888, 



LEFT


Raw: (45) 2668, -892, 468, -424, 440, -472, 416, -892, 472, -860, 892, -472, 416, -472, 416, -476, 412, -476, 416, -472, 416, -476, 412, -476, 416, -472, 416, -476, 416, -472, 416, -472, 416, -476, 416, -472, 860, -888, 892, -472, 416, -888, 892, -888, 472, 



RIGHT

Raw: (45) 2672, -888, 472, -444, 420, -472, 416, -888, 472, -860, 892, -472, 420, -472, 416, -472, 416, -472, 420, -472, 416, -472, 416, -472, 420, -472, 416, -472, 416, -472, 420, -472, 416, -472, 416, -472, 864, -888, 892, -472, 416, -888, 892, -472, 416, 



ENTER

Raw: (47) 2672, -888, 472, -420, 440, -476, 416, -888, 472, -864, 888, -472, 416, -476, 416, -472, 416, -476, 412, -476, 416, -472, 416, -472, 420, -472, 416, -472, 416, -472, 420, -472, 416, -472, 416, -476, 860, -888, 892, -472, 416, -472, 416, -888, 472, -448, 416, 




MUTE

Raw: (47) 2672, -888, 472, -444, 416, -476, 416, -888, 472, -860, 900, -464, 416, -476, 412, -476, 416, -472, 416, -476, 416, -472, 416, -472, 416, -476, 416, -472, 416, -472, 416, -476, 416, -472, 416, -476, 412, -476, 416, -472, 416, -476, 860, -472, 416, -888, 900, 



MENU

Raw: (47) 2636, -920, 440, -452, 424, -464, 412, -924, 436, -896, 856, -484, 404, -484, 408, -480, 408, -480, 412, -480, 408, -480, 408, -480, 412, -480, 408, -480, 408, -480, 412, -480, 408, -484, 852, -920, 440, -452, 408, -484, 408, -480, 852, -924, 432, -460, 408, 



INFO



Raw: (45) 2604, -948, 424, -492, 388, -504, 384, -920, 428, -904, 832, -536, 376, -512, 380, -508, 384, -504, 384, -508, 384, -504, 384, -504, 384, -508, 384, -504, 384, -508, 380, -508, 384, -504, 804, -540, 364, -960, 396, -492, 804, -948, 832, -532, 376, 



RED

Raw: (45) 2672, -888, 472, -420, 440, -484, 404, -892, 472, -860, 892, -480, 408, -508, 384, -524, 364, -528, 360, -532, 360, -532, 356, -532, 356, -536, 352, -532, 360, -532, 356, -532, 360, -536, 352, -536, 800, -540, 348, -888, 892, -484, 404, -888, 892, 



GREEN

Raw: (47) 2652, -904, 456, -456, 424, -488, 404, -900, 444, -876, 880, -500, 400, -488, 384, -508, 380, -508, 400, -472, 400, -508, 388, -500, 392, -496, 400, -480, 392, -488, 412, -500, 400, -488, 392, -496, 828, -508, 380, -908, 872, -508, 384, -504, 396, -892, 456, 



YELLOW


Raw: (47) 2652, -908, 448, -484, 396, -496, 380, -908, 468, -864, 880, -500, 384, -508, 388, -500, 392, -496, 384, -508, 392, -496, 388, -504, 396, -492, 380, -508, 396, -492, 392, -500, 380, -508, 396, -492, 828, -508, 380, -908, 872, -508, 392, -472, 412, -504, 380, 



BLUE


Raw: (49) 2648, -908, 456, -456, 432, -480, 400, -888, 456, -880, 888, -492, 400, -488, 384, -504, 384, -508, 380, -508, 408, -480, 396, -496, 388, -500, 388, -500, 384, -508, 380, -508, 400, -488, 408, -484, 824, -508, 384, -508, 380, -908, 452, -464, 424, -484, 388, -500, 384, 




RW


Raw: (47) 2636, -932, 416, -480, 408, -508, 372, -920, 436, -896, 864, -516, 368, -520, 376, -512, 380, -512, 380, -484, 388, -524, 380, -512, 368, -516, 376, -516, 380, -512, 372, -516, 376, -516, 364, -524, 372, -492, 832, -528, 372, -516, 372, -516, 380, -908, 860, 



PAUSE

Raw: (47) 2644, -916, 436, -472, 404, -500, 384, -916, 436, -896, 868, -512, 376, -512, 372, -520, 376, -512, 372, -520, 376, -508, 376, -516, 372, -520, 364, -524, 376, -512, 376, -516, 376, -492, 392, -516, 368, -512, 816, -928, 428, -480, 840, -920, 428, -492, 392, 




PLAY


Raw: (49) 2632, -944, 432, -460, 404, -512, 372, -916, 428, -904, 868, -512, 376, -512, 380, -512, 380, -508, 380, -512, 368, -520, 380, -508, 372, -516, 372, -520, 376, -512, 384, -508, 376, -512, 376, -512, 372, -520, 812, -520, 376, -516, 376, -512, 368, -496, 396, -916, 428, 



REC

aw: (49) 2640, -920, 424, -484, 404, -508, 376, -916, 432, -900, 864, -516, 376, -512, 384, -480, 408, -508, 368, -496, 400, -516, 380, -508, 380, -508, 376, -488, 400, -516, 380, -508, 384, -508, 376, -512, 808, -924, 444, -468, 392, -496, 404, -492, 400, -508, 380, -512, 368, 




FF


Raw: (47) 2612, -940, 448, -452, 408, -508, 376, -928, 416, -904, 860, -520, 380, -508, 380, -508, 376, -516, 380, -508, 376, -512, 372, -520, 380, -508, 372, -516, 376, -516, 368, -520, 380, -508, 372, -492, 408, -484, 836, -924, 864, -916, 424, -484, 404, -484, 400, 




FAV



Raw: (49) 2608, -936, 428, -504, 376, -504, 388, -912, 428, -904, 860, -520, 376, -516, 380, -508, 376, -512, 380, -512, 376, -512, 364, -524, 372, -492, 400, -516, 368, -520, 376, -516, 372, -516, 368, -520, 380, -488, 824, -536, 368, -520, 376, -484, 396, -924, 436, -468, 404, 



PLAN


Raw: (49) 2616, -924, 428, -500, 388, -504, 376, -928, 424, -904, 860, -512, 376, -516, 368, -508, 388, -512, 372, -520, 376, -512, 368, -520, 376, -516, 376, -512, 372, -516, 368, -524, 372, -516, 372, -504, 388, -516, 368, -520, 376, -516, 812, -520, 372, -516, 380, -912, 428, 



1

Raw: (49) 2636, -940, 420, -468, 404, -508, 376, -916, 428, -908, 860, -520, 372, -516, 380, -512, 372, -516, 372, -492, 396, -508, 380, -516, 384, -508, 372, -520, 364, -524, 368, -520, 372, -520, 372, -516, 376, -512, 368, -524, 364, -516, 388, -508, 372, -520, 364, -524, 812, 




2


Raw: (49) 2632, -928, 436, -472, 404, -512, 372, -916, 448, -888, 860, -520, 368, -520, 372, -516, 380, -512, 380, -508, 380, -484, 396, -520, 368, -520, 376, -512, 376, -488, 400, -516, 372, -520, 372, -516, 368, -520, 368, -508, 384, -492, 400, -504, 380, -520, 820, -916, 428, 



3


Raw: (49) 2624, -932, 432, -476, 404, -508, 380, -912, 428, -908, 856, -524, 372, -516, 368, -520, 372, -516, 368, -524, 376, -488, 392, -524, 376, -512, 368, -508, 384, -520, 376, -512, 380, -484, 400, -504, 380, -520, 380, -508, 380, -496, 392, -488, 392, -520, 812, -524, 376, 



4

Raw: (49) 2632, -944, 416, -476, 396, -520, 372, -916, 432, -904, 852, -524, 376, -488, 396, -520, 360, -528, 380, -508, 384, -508, 368, -520, 368, -524, 376, -512, 380, -508, 376, -516, 380, -508, 368, -520, 372, -520, 364, -524, 368, -520, 372, -520, 808, -924, 428, -484, 404, 



5

Raw: (47) 2624, -936, 424, -488, 404, -508, 380, -924, 412, -920, 840, -524, 376, -516, 368, -508, 384, -516, 376, -516, 372, -516, 376, -512, 368, -524, 380, -508, 372, -516, 372, -520, 376, -512, 364, -524, 368, -524, 380, -484, 396, -516, 376, -488, 836, -940, 844, 



6


Raw: (49) 2608, -936, 428, -484, 400, -484, 408, -924, 412, -908, 856, -520, 376, -516, 372, -516, 380, -508, 376, -500, 388, -516, 376, -488, 396, -520, 368, -520, 368, -524, 376, -512, 368, -520, 372, -516, 380, -512, 372, -504, 388, -508, 376, -520, 808, -524, 380, -912, 424, 



7

Raw: (49) 2636, -920, 440, -476, 396, -516, 376, -912, 440, -892, 864, -516, 368, -520, 372, -520, 380, -508, 368, -524, 368, -520, 368, -520, 364, -528, 372, -516, 368, -520, 368, -524, 372, -492, 392, -520, 380, -512, 364, -524, 368, -520, 376, -516, 804, -528, 360, -528, 384, 




8


Raw: (49) 2624, -932, 428, -484, 396, -516, 368, -924, 436, -896, 852, -528, 372, -516, 368, -524, 376, -512, 384, -508, 372, -516, 364, -524, 376, -512, 384, -508, 364, -524, 376, -488, 408, -508, 368, -520, 376, -488, 400, -516, 380, -508, 800, -936, 432, -476, 400, -516, 372, 



9



Raw: (47) 2624, -936, 424, -480, 408, -508, 380, -908, 444, -904, 848, -520, 368, -504, 388, -492, 388, -500, 396, -520, 372, -508, 384, -488, 408, -508, 376, -516, 364, -524, 376, -488, 392, -524, 376, -488, 392, -520, 376, -496, 384, -524, 812, -936, 416, -504, 812, 


0


Raw: (51) 2624, -936, 440, -468, 404, -512, 372, -932, 412, -920, 840, -524, 372, -508, 388, -512, 368, -520, 372, -520, 368, -520, 368, -520, 372, -516, 376, -492, 400, -512, 376, -516, 368, -520, 364, -524, 376, -516, 364, -524, 376, -512, 368, -524, 372, -516, 372, -516, 372, -508, 380, 



